(71, 133, 40) - 0.4
(205, 128, 29) - 0.82
(186, 24, 106) - 0.05
(49, 77, 128) - 0.39
(52, 2, 235) - 0.34
(225, 61, 217) - 0.32
(211, 106, 230) - 0.43
(173, 93, 237) - 0.31
(3, 163, 89) - 0.58
(230, 114, 42) - 0.28
(193, 105, 28) - 0.16
(224, 105, 194) - 0.39
(150, 71, 194) - 0.35
(130, 182, 99) - 0.29
(145, 125, 55) - 0.87
(202, 15, 130) - 0.31
(210, 141, 53) - 0.49
(87, 9, 8) - 0.21
(100, 200, 29) - 0.89
(85, 255, 120) - 0.18
(209, 54, 28) - 0.64
(97, 52, 214) - 0.17
(95, 15, 190) - 0.29
(141, 230, 220) - 0.19
(224, 44, 48) - 0.58
(140, 137, 214) - 0.92
(156, 12, 138) - 0.41
(252, 216, 170) - 0.55
(196, 41, 78) - 0.53
(241, 246, 203) - 0.63
(199, 255, 60) - 0.86
(72, 4, 126) - 0.15
(47, 244, 251) - 0.63
(197, 187, 129) - 0.19
(8, 53, 89) - 0.31
(5, 122, 255) - 0.7
(2, 155, 82) - 0.76
(58, 156, 187) - 0.76
(190, 34, 176) - 0.94
(106, 51, 100) - 0.89
(218, 36, 146) - 0.91
(63, 36, 127) - 0.55
(219, 44, 82) - 0.09
(32, 64, 50) - 0.6
(4, 255, 21) - 0.65
(247, 81, 225) - 0.99
(142, 119, 161) - 0.75
(217, 13, 107) - 0.85
(19, 218, 113) - 0.72
(48, 240, 229) - 0.68
(41, 171, 175) - 0.63
(250, 29, 151) - 0.55
(91, 13, 89) - 0.77
(32, 143, 134) - 0.08
(189, 165, 135) - 0.84
(14, 188, 0) - 0.54
(202, 169, 233) - 0.62
(179, 144, 173) - 0.12
(70, 197, 186) - 0.42
(70, 203, 147) - 0.37
(94, 66, 211) - 0.4
(67, 136, 233) - 0.16
(196, 157, 131) - 0.26
(24, 119, 196) - 0.34
(107, 117, 247) - 0.38
(118, 36, 60) - 0.52
(51, 194, 54) - 0.34
(69, 126, 202) - 0.69
(27, 159, 38) - 0.46
(72, 114, 113) - 0.54
(219, 62, 94) - 0.68
(133, 244, 17) - 0.89
(57, 234, 237) - 0.51
(17, 59, 46) - 0.79
(22, 174, 211) - 0.74
(167, 214, 108) - 0.08
(177, 61, 107) - 0.37
(67, 155, 137) - 0.71
(30, 217, 232) - 0.75
(84, 209, 239) - 0.4
(176, 127, 89) - 0.86
(184, 80, 113) - 0.09
(182, 22, 165) - 0.57
(130, 103, 199) - 0.65
(177, 2, 54) - 0.53
(216, 20, 169) - 0.07
(64, 136, 237) - 0.2
(113, 83, 122) - 0.37
(98, 41, 199) - 0.85
(113, 66, 131) - 0.54
(224, 234, 89) - 0.56
(167, 177, 95) - 0.53
(87, 113, 185) - 0.56
(99, 73, 225) - 0.78
(166, 247, 52) - 0.74
(220, 212, 150) - 0.57
(17, 118, 144) - 0.78
(136, 129, 154) - 0.96
(68, 125, 33) - 0.43
(37, 0, 252) - 0.91
