(143, 147, 130)
(39, 170, 210)
(70, 59, 126)
(71, 59, 67)
(88, 172, 108)
(103, 9, 166)
(111, 35, 61)
(67, 186, 33)
(193, 163, 82)
(74, 226, 26)
(87, 65, 138)
(48, 7, 255)
(150, 54, 243)
(173, 26, 218)
(60, 247, 138)
(185, 128, 197)
(71, 45, 156)
(78, 247, 130)
(141, 227, 9)
(252, 116, 55)
(68, 70, 161)
(144, 44, 104)
(190, 152, 168)
(230, 207, 13)
(36, 237, 64)
(142, 17, 78)
(167, 15, 1)
(125, 7, 42)
(208, 79, 32)
(255, 112, 191)
(109, 102, 219)
(66, 63, 185)
(67, 18, 4)
(74, 26, 61)
(1, 0, 225)
(133, 112, 173)
(230, 119, 142)
(161, 155, 51)
(180, 117, 114)
(143, 78, 254)
(232, 83, 213)
(245, 28, 255)
(11, 163, 56)
(223, 52, 186)
(218, 22, 156)
(24, 43, 103)
(64, 42, 17)
(19, 134, 118)
(254, 6, 205)
(106, 122, 50)
(221, 242, 176)
(210, 203, 62)
(173, 56, 94)
(183, 133, 159)
(50, 62, 244)
(247, 132, 139)
(92, 3, 117)
(26, 106, 69)
(137, 191, 253)
(156, 61, 134)
(5, 142, 148)
(24, 85, 124)
(90, 131, 149)
(182, 60, 5)
(140, 181, 199)
(61, 23, 90)
(14, 246, 210)
(11, 90, 69)
(149, 179, 147)
(67, 200, 77)
(48, 222, 5)
(43, 123, 251)
(218, 145, 200)
(154, 147, 162)
(64, 219, 202)
(202, 72, 180)
(27, 212, 237)
(46, 204, 211)
(254, 158, 227)
(7, 1, 44)
(14, 43, 49)
(148, 138, 161)
(209, 180, 108)
(36, 222, 169)
(208, 78, 126)
(79, 169, 113)
(207, 215, 237)
(119, 127, 159)
(155, 173, 75)
(83, 65, 65)
(231, 50, 134)
(73, 217, 65)
(130, 21, 236)
(161, 131, 196)
(154, 47, 143)
(189, 16, 138)
(108, 158, 246)
(136, 248, 174)
(170, 173, 226)
(52, 45, 213)
(18, 2, 189)
(43, 238, 99)
(135, 153, 229)
(218, 13, 62)
(40, 164, 53)
(184, 32, 247)
(146, 45, 47)
(22, 67, 134)
(4, 198, 48)
(209, 17, 137)
(250, 189, 150)
(244, 78, 163)
(182, 65, 98)
(253, 85, 70)
(94, 212, 197)
(233, 24, 230)
(245, 16, 206)
(134, 197, 225)
(211, 109, 1)
(231, 86, 118)
(95, 51, 6)
(0, 180, 215)
(62, 106, 182)
(122, 226, 216)
(240, 252, 32)
(63, 85, 231)
(164, 158, 203)
(128, 28, 4)
(33, 91, 18)
(124, 31, 127)
(4, 35, 74)
(3, 33, 88)
(132, 79, 118)
(237, 233, 158)
(174, 22, 27)
(22, 169, 165)
(91, 21, 154)
(50, 163, 35)
(182, 36, 188)
(171, 131, 3)
(204, 104, 87)
(132, 232, 109)
(95, 39, 69)
(48, 49, 1)
(58, 83, 14)
(21, 114, 140)
(179, 173, 100)
(150, 20, 171)
(205, 116, 214)
(41, 232, 197)
(244, 57, 160)
(183, 132, 49)
(159, 85, 161)
(132, 64, 171)
(165, 168, 155)
(132, 12, 42)
(21, 2, 178)
(169, 251, 23)
(209, 92, 93)
(94, 155, 132)
(3, 196, 150)
(144, 239, 173)
(203, 19, 203)
(52, 40, 158)
(69, 210, 72)
(173, 192, 240)
(55, 72, 47)
(180, 20, 123)
(205, 124, 55)
(82, 176, 226)
(13, 162, 157)
(142, 230, 163)
(221, 225, 135)
(63, 210, 174)
(10, 114, 30)
(202, 31, 34)
(32, 36, 70)
(148, 131, 127)
(167, 106, 159)
(90, 25, 51)
(139, 212, 51)
(67, 169, 66)
(8, 229, 176)
(210, 207, 220)
(136, 150, 77)
(109, 42, 72)
(28, 102, 48)
(16, 212, 111)
(112, 95, 254)
(10, 57, 81)
(228, 113, 132)
(152, 141, 18)
(236, 203, 152)
(82, 218, 146)
(201, 147, 167)
(139, 56, 44)
(92, 196, 203)
(221, 140, 91)
(168, 89, 21)
(242, 94, 81)
(146, 209, 43)
(167, 50, 27)
(190, 253, 226)
(128, 35, 186)
(138, 212, 245)
(120, 61, 225)
(148, 115, 127)
(249, 132, 24)
(64, 126, 5)
(206, 221, 92)
(3, 112, 4)
(151, 213, 173)
(232, 192, 87)
(100, 254, 255)
(134, 188, 224)
(255, 101, 121)
(224, 45, 208)
(207, 254, 25)
(249, 58, 209)
(234, 10, 220)
(131, 242, 22)
(229, 136, 182)
(217, 127, 231)
(209, 235, 185)
(88, 205, 38)
(222, 126, 157)
(167, 35, 198)
(102, 221, 231)
(217, 13, 205)
(16, 138, 29)
(81, 131, 43)
(12, 83, 162)
(75, 149, 145)
(74, 127, 196)
(8, 76, 48)
(221, 62, 105)
(78, 150, 21)
(121, 242, 145)
(36, 185, 90)
(170, 63, 42)
(174, 83, 238)
(155, 113, 33)
(189, 120, 233)
(95, 0, 10)
(79, 243, 187)
(32, 99, 61)
(38, 195, 209)
(247, 186, 45)
(210, 231, 189)
(195, 121, 242)
(109, 45, 212)
(56, 198, 170)
(168, 120, 30)
(17, 10, 27)
(98, 206, 177)
(120, 133, 45)
(238, 78, 176)
(62, 83, 190)
(137, 4, 157)
(54, 155, 4)
(224, 22, 81)
(38, 172, 45)
(169, 87, 10)
(220, 84, 100)
(124, 242, 72)
(33, 144, 128)
(153, 77, 49)
(79, 112, 199)
(113, 52, 53)
(74, 81, 185)
(17, 73, 105)
(47, 95, 235)
(119, 148, 76)
(45, 228, 72)
(121, 233, 166)
(163, 177, 55)
(41, 235, 27)
(139, 143, 34)
(38, 45, 1)
(204, 22, 213)
(245, 69, 201)
(86, 191, 114)
(202, 226, 150)
(65, 110, 107)
(243, 179, 73)
(13, 19, 194)
(61, 115, 244)
(90, 176, 73)
(255, 131, 101)
(208, 35, 92)
(216, 178, 162)
(76, 203, 210)
(181, 227, 146)
(241, 213, 18)
(170, 194, 124)
(215, 191, 2)
(94, 44, 40)
(184, 161, 97)
(44, 43, 28)
(37, 251, 32)
